<?xml version="1.0" encoding="UTF-8" standalone="no"?>
<!DOCTYPE svg PUBLIC "-//W3C//DTD SVG 20010904//EN"
              "http://www.w3.org/TR/2001/REC-SVG-20010904/DTD/svg10.dtd">

<svg xmlns="http://www.w3.org/2000/svg"
     width="2.77in" height="2.73in"
     viewBox="0 0 831 819">
  <path id="Tracciato importato #1"
        fill="none" stroke="black" stroke-width="1"
        d="M 254.50,151.11
           C 188.56,151.11 135.11,204.56 135.11,270.50
             135.11,336.44 188.56,389.89 254.50,389.89
             320.44,389.89 373.89,336.44 373.89,270.50
             373.81,204.60 320.40,151.19 254.50,151.11
             254.50,151.11 254.50,151.11 254.50,151.11 Z
           M 254.50,368.18
           C 200.55,368.18 156.82,324.45 156.82,270.50
             156.82,216.55 200.55,172.82 254.50,172.82
             308.45,172.82 352.18,216.55 352.18,270.50
             352.13,324.42 308.43,368.12 254.50,368.18
             254.50,368.18 254.50,368.18 254.50,368.18 Z
           M 287.06,216.23
           C 287.06,216.23 308.77,237.94 308.77,237.94
             308.77,237.94 232.79,313.92 232.79,313.92
             232.79,313.92 200.23,324.77 200.23,324.77
             200.23,324.77 211.08,292.21 211.08,292.21
             211.08,292.21 287.06,216.23 287.06,216.23 Z
           M 796.00,505.23
           C 796.00,505.23 752.59,200.19 752.59,200.19
             741.44,121.74 674.14,63.59 594.89,63.59
             594.89,63.59 234.09,63.59 234.09,63.59
             154.84,63.59 87.54,121.74 76.39,200.19
             76.39,200.19 32.98,505.23 32.98,505.23
             24.22,566.56 71.61,621.12 133.34,621.12
             133.34,621.12 133.34,621.12 133.34,621.12
             160.42,621.12 185.90,610.37 205.02,591.25
             205.02,591.25 295.02,501.65 295.02,501.65
             295.02,501.65 533.96,501.65 533.96,501.65
             533.96,501.65 623.56,591.25 623.56,591.25
             642.68,610.37 668.56,621.12 695.25,621.12
             695.25,621.12 695.25,621.12 695.25,621.12
             757.37,621.12 804.76,566.56 796.00,505.23 Z
           M 533.96,262.71
           C 512.06,262.71 494.14,244.79 494.14,222.89
             494.14,200.98 512.06,183.06 533.96,183.06
             555.86,183.06 573.78,200.98 573.78,222.89
             573.78,244.79 555.86,262.71 533.96,262.71 Z
           M 613.61,382.18
           C 591.70,382.18 573.78,364.26 573.78,342.36
             573.78,320.45 591.70,302.53 613.61,302.53
             635.51,302.53 653.43,320.45 653.43,342.36
             653.43,364.26 635.51,382.18 613.61,382.18 Z" />
</svg>
